app/data/wind.json
{"header": {"parameterNumberName":"northward_wind","parameterUnit":"m.s-1","parameterNumber":3,"parameterCategory":2,"nx":96,"ny":192,"numberPoints":18432,"dx":3.75,"dy":0.9375,"la1":90.0,"lo1":0.0,"la2":-90.0,"lo2":360.0,"refTime":"2017-02-01 23:00:00"}, "data":
[rows 114 to 132 of 192, columns 0 to 42 of 96]
6.091024398803711,7.36773681640625,7.821688175201416,7.844449520111084,8.679136276245117,8.678894996643066,6.043628215789795,2.1413767337799072,2.131061553955078,1.630671739578247,0.14927704632282257,-0.35794296860694885,0.7390854954719543,1.0615854263305664,-0.3282855749130249,-1.1528462171554565,-0.4778195321559906,0.2677348554134369,0.7710389494895935,1.4450805187225342,1.295941948890686,-1.3158892393112183,-0.8069719076156616,2.708789587020874,1.6091477870941162,-0.18759377300739288,-0.9233486652374268,0.5361038446426392,2.6090753078460693,3.6035125255584717,4.494943141937256,3.9563348293304443,1.7072663307189941,0.053197190165519714,-0.2682850956916809,-0.35893645882606506,-0.16458696126937866,0.7138298749923706,1.810104489326477,3.0093929767608643,4.279780387878418,5.016798496246338,5.109923362731934
4.983919143676758,5.464390754699707,5.171441555023193,4.257587432861328,3.753509283065796,3.271390676498413,1.9343353509902954,0.5233446955680847,-0.19134463369846344,-0.9498462677001953,-1.8274767398834229,-2.2741305828094482,-2.972620725631714,-4.5293450355529785,-6.073184013366699,-6.8512654304504395,-6.9045820236206055,-6.051215648651123,-4.51626443862915,-3.5428683757781982,-3.731050968170166,-4.161901950836182,-3.9269611835479736,-3.4156296253204346,-3.4427788257598877,-3.5579922199249268,-2.6009132862091064,-1.0562962293624878,-0.6207372546195984,-1.2618309259414673,-1.5018874406814575,-1.0687224864959717,-0.5586613416671753,0.042464543133974075,0.7208957672119141,1.0604100227355957,1.103605031967163,1.2239941358566284,1.5765494108200073,2.1784889698028564,2.7763824462890625,2.9970741271972656,2.9620954990386963
5.308145046234131,6.891167640686035,7.528306007385254,7.360561370849609,8.22970199584961,8.778316497802734,6.598762035369873,2.2435989379882812,2.139493227005005,1.760533094406128,0.24535967409610748,-0.9392157793045044,-0.4764723479747772,0.1952272653579712,-0.5624294877052307,-1.5636749267578125,-1.176025629043579,-0.262460857629776,0.3493713438510895,0.6523802876472473,0.40507447719573975,-0.8054014444351196,0.7793195843696594,3.803378105163574,1.499049186706543,-1.0518356561660767,-4.664801120758057,-3.010676860809326,-0.6674768328666687,0.785996675491333,2.144656181335449,2.6847541332244873,1.8204673528671265,0.7089541554450989,-0.016930239275097847,-0.44290417432785034,-0.058061499148607254,0.9404148459434509,1.4766818284988403,1.6956944465637207,2.3539204597473145,3.1988532543182373,3.882934808731079
4.74094820022583,4.938204288482666,4.896570205688477,4.7387824058532715,4.807789325714111,4.700663089752197,3.954228401184082,2.9514319896698,1.7283211946487427,0.006662333849817514,-1.206937313079834,-0.945853590965271,-0.667402446269989,-1.7924587726593018,-3.602698564529419,-5.02694845199585,-5.859119415283203,-5.676373481750488,-4.226968288421631,-2.598465919494629,-2.1117711067199707,-2.654869318008423,-3.1800918579101562,-3.3444552421569824,-3.654862642288208,-4.008818626403809,-3.4568445682525635,-2.0187759399414062,-1.0357180833816528,-1.0307284593582153,-1.1052249670028687,-0.7881337404251099,-0.43016910552978516,-0.14779362082481384,0.13920606672763824,0.3486458361148834,0.5620169043540955,1.0351192951202393,1.8244434595108032,2.6507749557495117,3.097062587738037,3.176510810852051,3.320706844329834
5.1317830085754395,6.838176727294922,7.857332706451416,7.84463357925415,8.60901165008545,9.551922798156738,8.087278366088867,4.489024639129639,1.9022263288497925,1.417992353439331,0.060865629464387894,-1.7752033472061157,-2.785102367401123,-2.1010076999664307,-1.7476329803466797,-1.8268122673034668,-1.4497309923171997,-0.5480912327766418,0.2954271733760834,0.866832971572876,-0.029304776340723038,-0.576750636100769,1.5112133026123047,4.094375133514404,1.2097363471984863,-1.7917792797088623,-6.924834728240967,-5.702056884765625,-3.2441794872283936,-1.8490663766860962,-0.6630359888076782,0.4768899977207184,0.7438299059867859,0.30781954526901245,-0.11348369717597961,0.02686574123799801,0.9881631135940552,1.9873055219650269,1.9907296895980835,1.523228406906128,1.684049129486084,2.454232692718506,3.4679722785949707
5.123675346374512,5.164854049682617,5.232693195343018,5.41301155090332,5.698853492736816,5.8170881271362305,5.344243049621582,4.089096546173096,1.9061871767044067,-0.6375402212142944,-1.7404547929763794,-0.6592717170715332,0.85047447681427,0.9357970356941223,-0.058136191219091415,-1.101327896118164,-2.064286231994629,-2.773685932159424,-2.56209659576416,-1.4125365018844604,-0.2901339828968048,-0.058112628757953644,-0.5884103775024414,-1.351639986038208,-2.357391595840454,-3.517557382583618,-3.887002944946289,-2.917874336242676,-1.5978559255599976,-1.1042721271514893,-1.1635961532592773,-0.9960724115371704,-0.6244275569915771,-0.4460878372192383,-0.4788764417171478,-0.449672669172287,-0.0952407494187355,0.7238283157348633,1.8556880950927734,2.7308578491210938,2.91020131111145,2.8777976036071777,3.3439581394195557
5.076385974884033,6.772008895874023,8.464343070983887,9.116925239562988,9.689876556396484,10.893850326538086,10.87472915649414,7.978802680969238,4.447023391723633,2.2513926029205322,1.2676633596420288,-0.27118760347366333,-2.590797185897827,-3.7940988540649414,-3.1039249897003174,-1.8469887971878052,-1.2615886926651,-1.2442002296447754,-0.3360365927219391,1.035828709602356,1.064138412475586,0.5261021852493286,2.167663812637329,4.416258811950684,1.2637038230895996,-2.424391031265259,-8.549720764160156,-7.549300670623779,-4.8505539894104,-3.699786424636841,-3.0730700492858887,-1.7732129096984863,-0.6843101978302002,-0.3442217707633972,-0.09490088373422623,0.5626976490020752,1.4838981628417969,2.1837992668151855,2.331881523132324,2.1670682430267334,2.05716872215271,2.125188112258911,2.6256027221679688
4.828705787658691,5.501615524291992,5.994753360748291,6.200802803039551,6.320127964019775,6.381495952606201,5.773894309997559,3.9888062477111816,1.2774771451950073,-1.2809185981750488,-2.380884885787964,-1.6309815645217896,-0.12180671840906143,0.9026727080345154,1.4395830631256104,1.849960207939148,1.752281665802002,0.8971453905105591,0.15709756314754486,0.5543507933616638,1.7797601222991943,2.552229166030884,2.363469123840332,1.71683931350708,0.6937739849090576,-1.0060073137283325,-2.6343376636505127,-3.078022003173828,-2.6169395446777344,-2.373133659362793,-2.430302381515503,-2.120493173599243,-1.5281859636306763,-1.2883836030960083,-1.3862664699554443,-1.2418490648269653,-0.6222836971282959,0.25611746311187744,1.1399965286254883,1.776857614517212,2.0661115646362305,2.401829481124878,3.1453232765197754
5.134277820587158,6.558229923248291,8.576946258544922,9.732983589172363,10.111998558044434,11.44408130645752,12.959587097167969,11.504181861877441,6.938222885131836,3.638223171234131,4.413753509521484,3.373697519302368,-0.3826075494289398,-4.36824369430542,-4.873642444610596,-2.863269090652466,-1.9097005128860474,-2.367347240447998,-2.4549920558929443,0.3248087465763092,1.3838260173797607,0.8742811679840088,2.4396886825561523,4.969759941101074,1.515000820159912,-3.1066222190856934,-9.820120811462402,-8.58810043334961,-5.258896827697754,-4.129051208496094,-3.886566638946533,-2.5320866107940674,-1.1230789422988892,-0.6457160115242004,-0.2846628427505493,0.439154714345932,1.0787311792373657,1.5609335899353027,2.1191084384918213,2.4625682830810547,2.1677281856536865,1.5502046346664429,1.4244803190231323
4.252682685852051,5.499713897705078,6.48418664932251,6.659975051879883,6.416751384735107,6.158125400543213,5.2932448387146,3.3297412395477295,0.906604528427124,-1.046939492225647,-2.17344331741333,-2.4581987857818604,-1.9708340167999268,-0.8984333872795105,0.5396040678024292,1.9828424453735352,2.768268346786499,2.5795860290527344,2.1531620025634766,2.491542339324951,3.465606689453125,4.146310329437256,4.367773056030273,4.627781867980957,4.567726135253906,3.1698498725891113,0.5872600674629211,-1.784340739250183,-3.146878957748413,-3.7867603302001953,-3.7918882369995117,-3.160874128341675,-2.4875597953796387,-2.4622344970703125,-2.83171010017395,-2.7472028732299805,-1.98079514503479,-1.0484870672225952,-0.3574143648147583,0.2302112877368927,1.0185160636901855,2.019749402999878,2.969259738922119
5.2214226722717285,6.446839809417725,8.37681770324707,9.64980411529541,9.8047513961792,10.89932632446289,13.062508583068848,12.512391090393066,7.991394996643066,3.092853307723999,4.594613552093506,6.051304340362549,1.649346113204956,-3.6831870079040527,-6.479472637176514,-5.422704696655273,-3.522211790084839,-2.8380653858184814,-3.3054802417755127,-0.5201815962791443,0.38406291604042053,-0.23522348701953888,1.6060197353363037,4.5183634757995605,2.0041182041168213,-4.954115867614746,-10.014042854309082,-8.382376670837402,-5.01865291595459,-4.285892486572266,-4.287710189819336,-2.821817636489868,-1.4166617393493652,-1.2655614614486694,-1.085757851600647,-0.17794567346572876,0.6403032541275024,1.1122825145721436,1.6507327556610107,2.0100247859954834,1.730759620666504,1.1484688520431519,0.8605701327323914
4.15322208404541,5.1455864906311035,6.353384017944336,6.682890892028809,6.016509532928467,4.928362846374512,3.4653584957122803,1.5715605020523071,-0.11316771805286407,-1.0593068599700928,-1.498639702796936,-1.7588450908660889,-1.728835105895996,-1.2236586809158325,-0.3184196650981903,0.7230673432350159,1.5460913181304932,2.022956609725952,2.4731929302215576,3.1556179523468018,3.786389112472534,4.154345512390137,4.719141006469727,5.795144557952881,6.585240840911865,5.928679943084717,3.6536941528320312,0.578400194644928,-2.059972047805786,-3.9035353660583496,-4.521792888641357,-4.139281272888184,-3.6001226902008057,-3.5585014820098877,-4.015341758728027,-4.316946029663086,-3.791229724884033,-2.51485013961792,-1.1940804719924927,-0.21746237576007843,0.6819338202476501,1.6932220458984375,2.680999755859375
4.543335914611816,5.801085472106934,7.602451801300049,9.038325309753418,9.352397918701172,10.156143188476562,12.36395263671875,12.963432312011719,9.46396541595459,3.6843960285186768,3.786947727203369,5.578657627105713,3.2525670528411865,-0.41774365305900574,-3.377375364303589,-3.0814688205718994,-2.0950233936309814,-2.118711233139038,-1.4251874685287476,0.2915365993976593,-0.07788059860467911,-1.4375321865081787,-0.06352780014276505,2.6830508708953857,1.1897449493408203,-4.47640323638916,-8.14547348022461,-7.031545162200928,-5.051820278167725,-5.2195000648498535,-5.371271133422852,-3.8981571197509766,-2.5272412300109863,-2.250249147415161,-1.708477258682251,-0.3999939560890198,0.5913252234458923,0.9136191606521606,1.1960679292678833,1.5822772979736328,1.780678391456604,1.7743312120437622,1.5893341302871704
3.959961414337158,3.941568613052368,5.072039604187012,5.978283882141113,5.420361042022705,3.6336355209350586,1.5692164897918701,-0.10160211473703384,-1.1069172620773315,-1.4145835638046265,-1.2049380540847778,-0.8077388405799866,-0.532661497592926,-0.47563856840133667,-0.42756345868110657,-0.15405693650245667,0.3518810272216797,1.0561578273773193,1.942468523979187,2.707407236099243,3.0001564025878906,3.136157274246216,3.775157928466797,4.826377868652344,5.5348992347717285,5.413334369659424,4.376059055328369,2.3854944705963135,-0.26511797308921814,-2.7551345825195312,-4.541785717010498,-5.626728534698486,-5.957614421844482,-5.462958335876465,-4.976912975311279,-5.150335788726807,-5.024923324584961,-3.5851619243621826,-1.391996145248413,0.2602745592594147,1.0666303634643555,1.5985960960388184,2.4191133975982666
3.338979482650757,4.43612813949585,5.954456806182861,7.608599662780762,8.470619201660156,9.274287223815918,11.46289348602295,13.601365089416504,12.43734073638916,7.868940353393555,3.873427152633667,4.822322368621826,4.967448711395264,3.2869913578033447,1.5597339868545532,0.3556826114654541,0.32771214842796326,0.9892823100090027,1.9664967060089111,2.3560361862182617,0.5349836945533752,-2.0704662799835205,-2.090106248855591,0.2981431484222412,0.8077284097671509,-2.1381804943084717,-5.13204288482666,-5.973877906799316,-5.865639686584473,-6.2392401695251465,-5.941625118255615,-4.589359760284424,-3.381305456161499,-2.5614590644836426,-1.3295363187789917,0.09125732630491257,0.7846922278404236,0.9140775203704834,1.3018385171890259,2.0590438842773438,2.7413928508758545,3.045572519302368,2.8485300540924072
3.186873197555542,1.7268086671829224,2.2220969200134277,3.782400608062744,4.175089359283447,2.721639394760132,0.7340376377105713,-0.5224465131759644,-1.1030020713806152,-1.498046636581421,-1.6763103008270264,-1.4891811609268188,-1.2011713981628418,-1.0526007413864136,-0.8416220545768738,-0.38704121112823486,0.2066081166267395,0.9693326950073242,1.980411171913147,2.8282032012939453,3.0948703289031982,3.211104154586792,3.7174441814422607,4.1930460929870605,4.023972511291504,3.4646544456481934,2.969041585922241,2.3469173908233643,1.268221139907837,-0.41581305861473083,-2.844597339630127,-5.875115394592285,-8.181892395019531,-8.30123519897461,-6.852499008178711,-6.0431084632873535,-5.988828659057617,-4.975277423858643,-2.8528740406036377,-0.7089537978172302,0.7060792446136475,1.4937679767608643,2.2036094665527344
2.4771769046783447,3.313175916671753,4.469669342041016,6.11428165435791,7.279162406921387,7.853031635284424,9.43488597869873,12.205087661743164,13.236201286315918,10.481697082519531,4.322566509246826,3.063819646835327,3.9911375045776367,3.960315465927124,3.4344677925109863,4.1262335777282715,3.7780797481536865,4.1497602462768555,4.754899024963379,4.350394248962402,1.632750391960144,-2.3409507274627686,-4.133360385894775,-2.3035225868225098,0.2703944444656372,-0.14784134924411774,-3.076817274093628,-6.260443687438965,-7.487715244293213,-6.972483158111572,-5.633583068847656,-4.502286911010742,-3.6055521965026855,-2.522796630859375,-1.0891612768173218,0.05655849352478981,0.49653249979019165,0.8593501448631287,1.6560708284378052,2.5357182025909424,3.041717767715454,3.132343292236328,2.8820667266845703
2.445352554321289,-0.012584496289491653,-0.6628177165985107,0.7980220913887024,2.0938525199890137,1.5035803318023682,-0.12633460760116577,-1.197055459022522,-1.5794357061386108,-2.017653703689575,-2.603898048400879,-2.905485153198242,-2.7683892250061035,-2.232267141342163,-1.274328351020813,-0.13561458885669708,0.8670488595962524,1.9657692909240723,3.4651548862457275,4.834408283233643,5.430139064788818,5.641278266906738,6.03698205947876,6.117436408996582,5.079805850982666,3.1821329593658447,1.3834881782531738,0.44985851645469666,0.654373824596405,1.2157138586044312,0.15023991465568542,-3.171687364578247,-7.378636837005615,-9.591474533081055,-9.063475608825684,-7.662041187286377,-6.771463394165039,-6.214224338531494,-4.990562438964844,-3.1660311222076416,-1.0012407302856445,0.7091202735900879,1.4587421417236328
1.4188281297683716,2.482429265975952,3.692964553833008,5.273718357086182,6.444660663604736,6.649467468261719,7.110081195831299,8.962272644042969,10.535510063171387,9.316682815551758,4.561668395996094,2.2160027027130127,2.299379587173462,2.6497602462768555,4.289213180541992,4.566697597503662,5.143237113952637,5.892172813415527,6.5649943351745605,6.300485610961914,3.5419745445251465,-1.5252783298492432,-5.338625431060791,-5.110000133514404,-2.1904406547546387,-1.0194379091262817,-3.0922608375549316,-6.489089012145996,-7.901466369628906,-7.023910045623779,-5.4896392822265625,-4.630228042602539,-3.8895349502563477,-2.9553868770599365,-1.9571393728256226,-1.2364320755004883,-0.5991173386573792,0.32033228874206543,1.3030714988708496,1.8316104412078857,1.8897379636764526,1.8854058980941772,1.9283355474472046
