app/data/wind.json
{"header": {"parameterNumberName":"eastward_wind","parameterUnit":"m.s-1","parameterNumber":2,"parameterCategory":2,"nx":96,"ny":192,"numberPoints":18432,"dx":3.75,"dy":0.9375,"la1":90.0,"lo1":0.0,"la2":-90.0,"lo2":360.0,"refTime":"2017-02-01 23:00:00"}, "data":
[rows 57 to 75 of 192, columns 43 to 85 of 96]
1.5305745601654053,2.358045816421509,1.7019212245941162,0.8096544146537781,0.9481388330459595,1.4912636280059814,1.158479928970337,0.08941438794136047,-0.5457892417907715,-0.4719025194644928,0.1813124418258667,1.2817250490188599,2.4526584148406982,5.521093845367432,7.776367664337158,8.944091796875,9.538125991821289,10.618523597717285,12.26645278930664,13.245742797851562,12.751903533935547,11.290068626403809,9.723666191101074,8.6262788772583,8.446928977966309,9.230337142944336,10.042984962463379,9.96881103515625,9.264835357666016,8.410991668701172,6.704499244689941,3.639413833618164,1.0893596410751343,1.671095848083496,4.517431735992432,5.698985576629639,3.73852276802063,0.796942412853241,-0.7048550844192505,-0.8190978765487671,-1.2219645977020264,-2.262239933013916,-2.871953248977661
0.7582765817642212,0.27751976251602173,0.7310208082199097,2.0248661041259766,2.4931042194366455,1.9608052968978882,2.2059783935546875,2.3217060565948486,1.4272270202636719,0.49949881434440613,1.229162335395813,2.526653289794922,3.410111904144287,2.450862407684326,1.6622813940048218,1.3404479026794434,1.6433463096618652,2.459629535675049,3.302003860473633,3.43949556350708,4.1173248291015625,7.504194259643555,8.40696907043457,6.399548530578613,2.0800466537475586,1.5190527439117432,4.665094375610352,3.0988988876342773,1.1283302307128906,0.012443775311112404,0.15109685063362122,1.63044011592865,2.286449670791626,3.5372910499572754,5.860839366912842,6.504227638244629,2.561178207397461,-4.779897689819336,-11.538328170776367,-15.51885986328125,-16.803987503051758,-16.167348861694336,-14.324301719665527
1.949009895324707,2.3447582721710205,1.8122001886367798,1.4596761465072632,1.5230928659439087,1.0343624353408813,-0.17165148258209229,-1.0590459108352661,-1.1566143035888672,-0.543086588382721,0.2675779163837433,1.074557900428772,3.17911958694458,4.585312843322754,5.876324653625488,6.680932521820068,7.082958698272705,7.719965934753418,8.802213668823242,9.7666597366333,10.204678535461426,10.498152732849121,10.9358491897583,11.138215065002441,10.797673225402832,10.1494140625,9.387449264526367,8.421072959899902,7.076305866241455,4.953088283538818,1.7963166236877441,-1.0287574529647827,-1.1426339149475098,1.8003242015838623,4.726725101470947,4.464071273803711,1.833549976348877,-0.3421301245689392,-0.8161838054656982,-0.9105033278465271,-1.8797844648361206,-2.8885672092437744,-2.576486587524414
1.9554563760757446,1.5872547626495361,1.675251841545105,3.1386725902557373,3.468417167663574,2.8691341876983643,2.9445173740386963,3.245556116104126,2.040802478790283,1.1387923955917358,1.4490184783935547,1.9768083095550537,2.317366361618042,0.6565729975700378,0.6397902369499207,1.346179485321045,2.0852890014648438,2.631636142730713,2.93540620803833,2.9354820251464844,3.244581699371338,4.595298767089844,7.272850513458252,6.242534637451172,4.119128704071045,4.064047336578369,6.133932590484619,6.900492191314697,4.847955226898193,2.4833178520202637,2.2868435382843018,3.266296625137329,3.5407514572143555,3.6469368934631348,4.807821273803711,5.834879398345947,4.116199493408203,-1.0882517099380493,-7.498703956604004,-12.78261661529541,-15.705079078674316,-16.208120346069336,-15.158248901367188
1.740726351737976,1.7448407411575317,2.2176156044006348,2.9201343059539795,3.068788766860962,1.5206040143966675,-0.6154592037200928,-1.5884984731674194,-1.2429183721542358,-0.7371243238449097,-0.483871728181839,-0.5033640265464783,0.344400554895401,1.407393217086792,2.4046683311462402,3.2300612926483154,3.989539861679077,4.90070104598999,5.927481174468994,6.611526966094971,6.858078956604004,7.350614547729492,8.333419799804688,8.723175048828125,7.439424991607666,4.936758041381836,2.558189868927002,0.8787223100662231,-0.7468330264091492,-2.898589611053467,-4.7291035652160645,-4.458098411560059,-1.5248721837997437,1.8839902877807617,2.420807361602783,0.1838378757238388,-2.0395920276641846,-2.346661329269409,-1.717524766921997,-1.9123426675796509,-2.9566709995269775,-3.496340751647949,-2.8130147457122803
1.216062068939209,0.9310161471366882,1.2500112056732178,2.290820598602295,3.1388537883758545,2.8720648288726807,2.923144817352295,2.925328254699707,1.7783387899398804,1.6697189807891846,2.8031277656555176,2.61297869682312,0.38613009452819824,-1.3387072086334229,-1.0280553102493286,0.49488386511802673,1.6401418447494507,1.9903792142868042,1.4026639461517334,0.9486305117607117,1.0478782653808594,1.7805414199829102,4.393681526184082,4.895203590393066,4.7263102531433105,5.248509883880615,6.601531505584717,7.157985687255859,5.92327880859375,4.0948286056518555,3.3774502277374268,3.5811617374420166,3.3726181983947754,2.8255300521850586,3.171027421951294,4.323925971984863,4.528390407562256,2.3996410369873047,-1.7213196754455566,-6.63945198059082,-11.03324031829834,-13.925902366638184,-15.20924186706543
1.9719452857971191,2.1767690181732178,2.9600818157196045,3.2785277366638184,2.42923641204834,-0.05736445263028145,-1.7444926500320435,-1.8332173824310303,-0.9200894832611084,-0.7294950485229492,-2.012099027633667,-3.4125850200653076,-3.1927130222320557,-2.2599527835845947,-1.4693735837936401,-1.0940539836883545,-0.9024640917778015,-0.40961509943008423,0.5667082667350769,1.3284801244735718,1.3457838296890259,1.2464675903320312,1.6694624423980713,1.7599555253982544,0.34694090485572815,-2.0181357860565186,-3.842593193054199,-4.943113803863525,-6.124314785003662,-7.215985298156738,-6.829554080963135,-4.224702835083008,-0.8427584171295166,0.5029943585395813,-1.228273630142212,-3.771803140640259,-4.7168378829956055,-4.307013511657715,-4.25282096862793,-4.909107685089111,-5.3247785568237305,-5.113796710968018,-4.723194122314453
-0.27229902148246765,-0.7834067940711975,-0.5102537870407104,0.5189892053604126,1.1649389266967773,1.0789510011672974,1.4282969236373901,0.5540581941604614,-0.1375882625579834,0.11326342821121216,2.1532795429229736,2.45626163482666,0.7060354948043823,-1.1498318910598755,-1.4199306964874268,-0.11128345876932144,0.594427227973938,0.3741312026977539,-0.17854410409927368,-0.24931837618350983,0.23604020476341248,0.7009637355804443,2.151625394821167,2.7168142795562744,3.4214987754821777,3.7773520946502686,3.5728628635406494,3.1160876750946045,2.452167510986328,1.5564779043197632,0.9457979202270508,0.9094166159629822,1.0387959480285645,1.3471264839172363,2.4650990962982178,4.256502151489258,5.625654220581055,5.863102912902832,4.849925994873047,2.3150172233581543,-1.7189006805419922,-6.230738162994385,-9.999150276184082
2.7577614784240723,5.033595085144043,6.298167705535889,4.907487869262695,0.38473454117774963,-3.0253829956054688,-4.405508995056152,-3.636937379837036,-1.9302784204483032,-1.2176233530044556,-2.76418399810791,-4.207156658172607,-4.903117656707764,-4.954110145568848,-4.944958209991455,-5.242645263671875,-5.876362323760986,-6.340034008026123,-6.03993558883667,-5.332844257354736,-5.127695083618164,-5.382129669189453,-5.45193338394165,-5.5849714279174805,-6.328002452850342,-7.144103050231934,-7.418025970458984,-7.690296649932861,-8.24254322052002,-7.819925308227539,-5.479343891143799,-2.5008604526519775,-1.194862961769104,-2.369589328765869,-4.30862283706665,-5.240706443786621,-5.383706092834473,-6.047296047210693,-7.249693870544434,-7.800358295440674,-7.5886311531066895,-7.724725246429443,-8.512093544006348
-1.4710546731948853,-2.4294369220733643,-1.711651086807251,-0.44452857971191406,-0.15411809086799622,-0.21742980182170868,-0.19038233160972595,-0.42739248275756836,-1.2707715034484863,-1.2989763021469116,0.35383930802345276,2.147395610809326,2.332733154296875,0.7618491053581238,-0.3383761942386627,-0.3359484076499939,-0.2978360652923584,-0.6199109554290771,-0.8602389097213745,-0.46635687351226807,0.21116238832473755,0.4054856598377228,0.14735740423202515,-0.3020201325416565,0.39133894443511963,0.727455735206604,-0.07429701834917068,-0.8772430419921875,-1.0536904335021973,-1.1828866004943848,-1.3604156970977783,-1.2087918519973755,-0.7483541965484619,0.1952054351568222,1.9827601909637451,3.982389450073242,5.186287879943848,5.737324237823486,6.215887069702148,6.2820963859558105,5.146718978881836,2.6544651985168457,-0.5837159752845764
1.2911195755004883,6.267939567565918,9.566560745239258,6.287400722503662,0.03201986849308014,-3.7519702911376953,-4.679536819458008,-4.79837703704834,-4.732873916625977,-4.220661640167236,-4.029055118560791,-4.92078161239624,-6.427563190460205,-7.524135589599609,-7.794034004211426,-7.660315036773682,-7.85610294342041,-8.437161445617676,-8.696627616882324,-8.463376998901367,-8.411018371582031,-8.79712963104248,-9.205123901367188,-9.543196678161621,-9.832694053649902,-9.66184139251709,-9.221049308776855,-9.32420825958252,-9.271456718444824,-7.13060188293457,-3.3825552463531494,-1.4193077087402344,-2.9695162773132324,-5.600921630859375,-6.40481424331665,-5.858871936798096,-6.344034671783447,-8.174704551696777,-9.32154369354248,-8.923506736755371,-8.768569946289062,-10.2775297164917,-12.071901321411133
-1.04638671875,-1.4035378694534302,-1.420119047164917,-1.4885388612747192,-1.8447651863098145,-1.762009620666504,-0.8401207327842712,-0.3904583156108856,-1.1226203441619873,-1.8052977323532104,-0.7001465559005737,1.4768860340118408,2.045167922973633,1.1095621585845947,0.03252274915575981,-0.5218172073364258,-0.6944474577903748,-0.6816564798355103,-0.7234619855880737,-0.7118480801582336,-0.6355941295623779,-1.0873864889144897,-3.161750078201294,-3.6198909282684326,-2.7032077312469482,-2.098951578140259,-2.6031179428100586,-3.046570301055908,-2.8765311241149902,-2.610098361968994,-2.2304186820983887,-1.6177384853363037,-1.1572264432907104,-0.5629364848136902,0.7586636543273926,2.0388801097869873,2.17795467376709,1.5767621994018555,1.228751301765442,1.5374184846878052,2.443035840988159,3.241776466369629,3.0872955322265625
-1.2666223049163818,2.08231520652771,5.534783363342285,3.619913101196289,-1.1281455755233765,-3.529188632965088,-4.053974628448486,-5.307804584503174,-6.713229179382324,-6.660988807678223,-6.261157035827637,-7.226298809051514,-8.915464401245117,-9.622952461242676,-9.141928672790527,-8.366558074951172,-8.115192413330078,-8.481671333312988,-8.918334007263184,-9.147544860839844,-9.517425537109375,-10.111717224121094,-10.472529411315918,-10.444683074951172,-10.183089256286621,-9.80448055267334,-9.794626235961914,-10.287530899047852,-9.47068977355957,-5.550082683563232,-0.8940182328224182,-0.3227081894874573,-4.076196670532227,-7.324280738830566,-7.403875827789307,-6.648175239562988,-7.677438735961914,-9.485475540161133,-9.841606140136719,-9.057541847229004,-9.323066711425781,-11.076937675476074,-12.183560371398926
-0.5080519914627075,-0.3493385910987854,-0.6107205152511597,-1.3488248586654663,-2.297525405883789,-2.3250327110290527,-1.1069380044937134,-0.3167635202407837,-0.8001781105995178,-1.6153955459594727,-1.1808760166168213,-0.1877206712961197,0.24695198237895966,0.12667690217494965,-0.23612920939922333,-0.6634100079536438,-1.0572781562805176,-0.9773013591766357,-1.3966864347457886,-2.5364859104156494,-5.648164749145508,-6.863093376159668,-7.250133037567139,-6.434646129608154,-4.999568462371826,-4.420278549194336,-4.833276748657227,-4.990275859832764,-4.538970947265625,-3.8979430198669434,-3.007267951965332,-2.066153049468994,-1.6568557024002075,-1.3321356773376465,-0.546940267086029,-0.18224099278450012,-0.9511969089508057,-2.1682660579681396,-3.4588496685028076,-4.631228923797607,-4.681543350219727,-3.419705629348755,-2.240341901779175
-2.2857022285461426,-4.257364273071289,-2.1099958419799805,-2.4382026195526123,-4.358457565307617,-5.183350563049316,-5.044753074645996,-6.078110218048096,-7.2010416984558105,-7.349642753601074,-7.6716227531433105,-9.563108444213867,-10.74020004272461,-10.146047592163086,-8.996988296508789,-8.643559455871582,-9.027628898620605,-9.531085968017578,-9.84642219543457,-10.083545684814453,-10.529827117919922,-11.019217491149902,-10.935480117797852,-10.247781753540039,-9.663055419921875,-9.749298095703125,-10.554306983947754,-11.098474502563477,-9.077162742614746,-3.6601648330688477,1.315813422203064,0.6218584179878235,-4.332443714141846,-7.958548545837402,-8.177321434020996,-7.667652130126953,-8.336854934692383,-9.269766807556152,-9.55395221710205,-9.61241340637207,-9.968052864074707,-10.180903434753418,-9.445201873779297
-0.4050355851650238,0.09436758607625961,-0.11903057247400284,-0.9673276543617249,-3.0838675498962402,-3.2863996028900146,-1.2369434833526611,-0.9643006920814514,-1.3485931158065796,-1.9190682172775269,-1.653668999671936,-1.0110212564468384,-0.4530940353870392,0.005550088826566935,0.3628052771091461,-0.09115615487098694,-1.446747899055481,-2.8679234981536865,-5.312525272369385,-7.244312763214111,-9.337287902832031,-10.136761665344238,-9.327083587646484,-7.7315897941589355,-6.349201679229736,-5.890962600708008,-6.08830451965332,-5.983709335327148,-5.293874263763428,-4.32758092880249,-3.324697971343994,-2.7470741271972656,-2.7672054767608643,-2.521385908126831,-1.8409618139266968,-1.99857497215271,-3.0631723403930664,-3.749053716659546,-4.34632682800293,-5.869289398193359,-7.369731426239014,-7.6754536628723145,-7.478518486022949
-1.0022600889205933,-4.393569469451904,-5.165810585021973,-4.72743034362793,-5.172327518463135,-5.464505195617676,-6.3602142333984375,-7.227575778961182,-7.619509220123291,-7.680740833282471,-8.807604789733887,-10.836153984069824,-11.643162727355957,-10.77236270904541,-9.926729202270508,-10.051555633544922,-10.474871635437012,-10.614579200744629,-10.610513687133789,-10.715489387512207,-11.02629566192627,-11.282613754272461,-11.00428581237793,-10.392989158630371,-10.2555513381958,-10.764917373657227,-11.224453926086426,-10.471850395202637,-7.147343158721924,-1.5505340099334717,2.329559087753296,0.5761210322380066,-4.702285289764404,-8.434401512145996,-9.01742172241211,-8.567238807678223,-8.437606811523438,-8.635592460632324,-9.258502960205078,-10.026463508605957,-10.084000587463379,-9.031424522399902,-7.302885055541992
-0.7511125206947327,-0.9470720291137695,-1.7428396940231323,-4.223783016204834,-4.612216472625732,-4.461983680725098,-3.901303768157959,-1.651638388633728,-1.7090085744857788,-1.8078038692474365,-1.8424639701843262,-1.5055921077728271,-0.8834916353225708,-0.02428966946899891,0.6304104328155518,-0.6320713758468628,-4.876450538635254,-7.709228992462158,-8.801231384277344,-9.75203800201416,-10.421608924865723,-9.520743370056152,-7.8467841148376465,-7.0478901863098145,-6.923300743103027,-6.604698181152344,-6.197032451629639,-5.920846462249756,-5.4957990646362305,-4.6778669357299805,-3.8048481941223145,-3.6308906078338623,-4.175238132476807,-4.311285972595215,-3.824558734893799,-4.048642158508301,-5.050243854522705,-5.379639625549316,-5.177100658416748,-5.803860664367676,-6.9895219802856445,-7.695122718811035,-8.066594123840332
0.879580557346344,-0.7621039748191833,-3.1790244579315186,-2.023702621459961,-2.214373826980591,-2.6390247344970703,-6.1135711669921875,-7.603848457336426,-8.084973335266113,-8.107634544372559,-9.05463981628418,-10.79058837890625,-11.91934585571289,-12.091872215270996,-11.899406433105469,-11.488354682922363,-10.803142547607422,-10.251642227172852,-10.208695411682129,-10.510778427124023,-10.900955200195312,-11.104562759399414,-10.896763801574707,-10.582576751708984,-10.578055381774902,-10.350397109985352,-8.986273765563965,-6.399420261383057,-2.8958632946014404,0.8189175724983215,2.2432706356048584,-0.36998721957206726,-5.113261699676514,-8.282842636108398,-8.921330451965332,-8.578075408935547,-8.266818046569824,-8.265891075134277,-8.676566123962402,-9.007075309753418,-8.869348526000977,-8.255651473999023,-6.86456823348999
