app/data/wind.json
{"header": {"parameterNumberName":"eastward_wind","parameterUnit":"m.s-1","parameterNumber":2,"parameterCategory":2,"nx":96,"ny":192,"numberPoints":18432,"dx":3.75,"dy":0.9375,"la1":90.0,"lo1":0.0,"la2":-90.0,"lo2":360.0,"refTime":"2017-02-01 23:00:00"}, "data":
[rows 76 to 94 of 192, columns 43 to 85 of 96]
-1.601593255996704,-3.2438924312591553,-7.493214130401611,-7.9984612464904785,-7.314168453216553,-6.436253070831299,-5.446587562561035,-4.153885841369629,-1.8138548135757446,-1.5142920017242432,-1.6601659059524536,-2.2453181743621826,-2.283170223236084,-1.5110422372817993,-1.4765316247940063,-4.494720935821533,-8.002725601196289,-9.870481491088867,-10.177803039550781,-10.473433494567871,-9.911216735839844,-7.372054100036621,-3.299513816833496,-5.867971420288086,-7.377478122711182,-7.355838775634766,-6.521818161010742,-6.348239898681641,-6.621200084686279,-6.479780197143555,-5.855568885803223,-5.446150302886963,-5.697229385375977,-5.984185218811035,-5.718731880187988,-5.605460166931152,-6.242076396942139,-6.993182182312012,-7.414183139801025,-7.767119407653809,-8.020098686218262,-8.053119659423828,-8.115667343139648
2.0437123775482178,0.6229838728904724,-0.2891816794872284,-0.4949520528316498,-0.7345807552337646,-1.7259784936904907,-5.495602607727051,-7.153953552246094,-7.503872394561768,-7.334657192230225,-7.9986772537231445,-9.565667152404785,-11.158947944641113,-12.107564926147461,-11.997932434082031,-10.94493293762207,-9.83867073059082,-9.416682243347168,-9.51352596282959,-9.779866218566895,-10.186989784240723,-10.470803260803223,-10.132553100585938,-9.283195495605469,-8.215028762817383,-6.4774169921875,-3.7734262943267822,-0.9080078601837158,1.130776286125183,2.212430238723755,1.5293675661087036,-1.5899922847747803,-5.5032267570495605,-7.82392692565918,-8.413000106811523,-8.445894241333008,-8.347037315368652,-8.141636848449707,-7.825715065002441,-7.329655170440674,-7.229742527008057,-7.650154113769531,-6.8822197914123535
-4.6393046379089355,-7.554916858673096,-8.968857765197754,-8.496430397033691,-7.581505298614502,-7.105154991149902,-6.800450325012207,-6.313035011291504,-3.7491958141326904,-2.672370672225952,-1.9455091953277588,-2.3248555660247803,-3.172482967376709,-3.0792770385742188,-2.7555131912231445,-6.364452838897705,-8.650038719177246,-9.285383224487305,-9.206628799438477,-9.816163063049316,-9.533984184265137,-7.1033148765563965,-3.3965585231781006,-6.1751885414123535,-7.805825710296631,-7.7435760498046875,-6.949683666229248,-6.940857410430908,-7.507404327392578,-7.954631328582764,-7.980740547180176,-7.561302185058594,-7.151046276092529,-6.9968695640563965,-6.726844787597656,-6.452854633331299,-6.818228244781494,-7.8352203369140625,-8.893718719482422,-9.490235328674316,-9.559666633605957,-9.51115608215332,-9.679438591003418
3.1871821880340576,1.9312034845352173,0.5288302898406982,0.3425428569316864,-0.07907559722661972,-0.996368408203125,-2.6003916263580322,-6.106889724731445,-6.205813407897949,-6.180566310882568,-7.308225631713867,-9.309410095214844,-11.158914566040039,-12.082938194274902,-11.764298439025879,-10.77625560760498,-10.125080108642578,-9.81856632232666,-9.169575691223145,-8.385592460632324,-8.237945556640625,-8.429973602294922,-7.888826847076416,-6.2943525314331055,-4.013558387756348,-1.3885116577148438,0.9811823964118958,2.2191803455352783,2.7595291137695312,2.885610580444336,1.3711011409759521,-2.285313129425049,-5.937891483306885,-7.719437122344971,-8.413565635681152,-8.976312637329102,-8.922245979309082,-8.148064613342285,-7.240729808807373,-6.448372840881348,-6.2272419929504395,-6.780591011047363,-6.4428606033325195
-6.338749885559082,-8.680278778076172,-8.637974739074707,-7.3788251876831055,-6.9622321128845215,-7.478008270263672,-8.224241256713867,-9.024653434753418,-9.021254539489746,-7.083256721496582,-2.8661234378814697,-2.472238779067993,-2.931103467941284,-2.295654773712158,-1.89054274559021,-3.239516019821167,-7.212771415710449,-7.8245673179626465,-7.877708911895752,-8.800837516784668,-9.427556037902832,-8.536312103271484,-7.396407127380371,-7.297547340393066,-7.383643627166748,-6.962471961975098,-6.837466716766357,-7.304320335388184,-7.717931270599365,-8.020403861999512,-8.401543617248535,-8.408077239990234,-7.887386798858643,-7.31445837020874,-7.053426742553711,-7.25351095199585,-7.873205661773682,-8.528585433959961,-8.998778343200684,-9.430137634277344,-9.83894157409668,-10.221287727355957,-10.657791137695312
0.8879057765007019,1.2111098766326904,2.0287156105041504,2.363706588745117,0.8624392151832581,0.16203336417675018,-0.7420002222061157,-2.1349880695343018,-3.1541495323181152,-6.2721848487854,-8.259785652160645,-10.363899230957031,-11.978132247924805,-12.852980613708496,-12.81457805633545,-12.10750961303711,-11.276741027832031,-10.231069564819336,-8.58594799041748,-6.810935974121094,-5.8035688400268555,-5.423985481262207,-4.737549304962158,-3.205789566040039,-0.8284503817558289,1.7826329469680786,3.2304773330688477,3.137061595916748,2.9601056575775146,2.9926493167877197,1.0944478511810303,-3.0852761268615723,-6.500871181488037,-7.553659439086914,-8.029623985290527,-8.908942222595215,-8.96276569366455,-7.933248519897461,-6.944160461425781,-6.240584850311279,-5.637802600860596,-5.54766321182251,-5.494138240814209
-6.734719276428223,-9.142617225646973,-9.030269622802734,-8.001312255859375,-7.884878635406494,-8.29677963256836,-8.733409881591797,-9.77180004119873,-10.362381935119629,-8.279129028320312,-3.0119080543518066,-2.333609104156494,-2.561549663543701,-2.086305856704712,-1.4282394647598267,-2.4471492767333984,-6.250338554382324,-7.0195159912109375,-7.108183860778809,-7.863861560821533,-8.831846237182617,-9.05869197845459,-8.355113983154297,-7.137259483337402,-6.040915012359619,-5.756364822387695,-6.606996536254883,-7.934324741363525,-8.612256050109863,-8.413862228393555,-8.02599811553955,-7.799957275390625,-7.474660873413086,-6.928045749664307,-6.645718574523926,-7.149633407592773,-7.995903015136719,-8.290277481079102,-8.354619979858398,-9.154461860656738,-10.41507339477539,-11.153521537780762,-11.194013595581055
-1.4456031322479248,-0.6881313920021057,0.45125612616539,1.037435531616211,1.7499055862426758,2.8544437885284424,2.787083864212036,0.22121408581733704,-1.9786818027496338,-6.85559606552124,-8.877609252929688,-9.405555725097656,-9.461153030395508,-9.91036605834961,-10.292253494262695,-9.71876049041748,-8.452683448791504,-7.33909273147583,-6.485070705413818,-5.438434600830078,-4.199495792388916,-3.1119911670684814,-2.195554733276367,-1.1518365144729614,0.4988013505935669,2.617171049118042,3.714416742324829,3.0397584438323975,1.9404010772705078,0.9944093227386475,-1.4155677556991577,-5.133504867553711,-7.400350093841553,-7.455571174621582,-7.351816177368164,-7.982020854949951,-8.187952041625977,-7.553276538848877,-6.756248950958252,-5.978450775146484,-5.128806114196777,-4.645963668823242,-4.579495429992676
-5.8409199714660645,-7.981227874755859,-8.7921724319458,-8.653091430664062,-8.516016960144043,-8.205967903137207,-7.842036247253418,-8.70634937286377,-9.763592720031738,-7.84187126159668,-2.4396865367889404,-3.0957586765289307,-4.637179851531982,-3.3407604694366455,-2.6325602531433105,-4.685681343078613,-6.142987251281738,-6.442012786865234,-6.406703472137451,-6.914056777954102,-7.575376987457275,-7.753934860229492,-6.952497959136963,-5.612947463989258,-4.864887714385986,-4.996968746185303,-5.751079082489014,-7.175358772277832,-8.535623550415039,-8.599449157714844,-7.613396167755127,-7.017322063446045,-7.092961311340332,-6.91989803314209,-6.337497234344482,-6.095855712890625,-6.312183856964111,-6.542506217956543,-7.295639991760254,-9.270536422729492,-11.589016914367676,-12.780787467956543,-12.477532386779785
-2.1064140796661377,-1.685340404510498,-1.4061214923858643,-1.322352409362793,0.10952518880367279,3.089449405670166,4.914068222045898,3.1124696731567383,-0.8565320372581482,-6.2902727127075195,-7.416492938995361,-5.588623046875,-3.39919114112854,-2.7206227779388428,-1.4168590307235718,-1.7965564727783203,-1.2413469552993774,-1.370633840560913,-2.155578136444092,-2.4332423210144043,-3.0253372192382812,-2.1190786361694336,-1.2290844917297363,-0.26654574275016785,0.7370531558990479,1.8486971855163574,2.455517053604126,1.680299162864685,-0.0525704100728035,-2.0895726680755615,-4.6162519454956055,-7.001836776733398,-8.005324363708496,-7.868832111358643,-7.694185733795166,-7.674707412719727,-7.5996527671813965,-7.32754373550415,-6.504814147949219,-5.336304664611816,-4.5835981369018555,-4.292602062225342,-3.9561288356781006
-4.298030376434326,-7.139819622039795,-8.044833183288574,-8.299954414367676,-8.301630973815918,-8.125387191772461,-7.814120292663574,-8.5676851272583,-9.498947143554688,-7.261105060577393,-1.7977566719055176,-1.776674509048462,-5.50911283493042,-6.286733627319336,-5.149676322937012,-5.33353328704834,-6.298943519592285,-6.380767822265625,-6.0868330001831055,-5.994630336761475,-5.950364589691162,-5.748099327087402,-5.058829307556152,-4.361995220184326,-4.440652847290039,-4.484567165374756,-3.9212353229522705,-4.1275715827941895,-5.437664031982422,-6.12078857421875,-5.837530612945557,-6.0761942863464355,-7.033658027648926,-7.413172721862793,-6.673710823059082,-5.553560256958008,-4.829442501068115,-4.838885307312012,-5.888550758361816,-7.927775859832764,-10.203034400939941,-11.911545753479004,-12.474115371704102
-1.138989806175232,-0.373517245054245,-0.07693440467119217,-0.23540015518665314,0.3172781765460968,2.247286081314087,4.113746166229248,3.452913761138916,-0.14185436069965363,-3.55289888381958,-2.395195245742798,-0.6695893406867981,1.090124487876892,0.9547047019004822,0.5828821063041687,0.1245226189494133,0.010146728716790676,-0.2801392078399658,-0.9141095876693726,-1.2275826930999756,-1.1149921417236328,-1.3112742900848389,-1.8011412620544434,-0.4999616742134094,0.33802714943885803,0.1553291231393814,-0.22643917798995972,-0.6633440852165222,-1.6949595212936401,-3.6015279293060303,-6.002161979675293,-7.668043613433838,-8.118936538696289,-8.277477264404297,-8.369202613830566,-7.887732982635498,-7.398395538330078,-7.18594217300415,-6.248201847076416,-4.799218654632568,-4.155919075012207,-3.95619797706604,-3.2449021339416504
-6.794883728027344,-7.40608024597168,-7.916947841644287,-7.919087886810303,-8.238354682922363,-8.758624076843262,-8.632096290588379,-8.679669380187988,-8.745464324951172,-6.250265121459961,-1.3839424848556519,-1.5857499837875366,-5.903116226196289,-6.673285484313965,-5.270758628845215,-5.2927985191345215,-6.334939002990723,-6.372714519500732,-5.502458572387695,-2.488154172897339,-4.089174270629883,-4.307637691497803,-4.428013324737549,-4.327944278717041,-4.5459489822387695,-4.298458576202393,-3.002660036087036,-1.9851104021072388,-1.9362903833389282,-1.9719420671463013,-2.2058870792388916,-3.368253469467163,-4.806521892547607,-5.455318450927734,-5.180581092834473,-4.394734859466553,-3.592207908630371,-3.1666245460510254,-3.23897385597229,-3.7987420558929443,-5.000988006591797,-7.026080131530762,-9.23028564453125
-0.09818253666162491,1.416334867477417,2.4946115016937256,2.6375248432159424,2.1078639030456543,1.956405758857727,2.791198253631592,3.3194544315338135,2.331434726715088,1.288413405418396,1.7382500171661377,2.544261932373047,1.0958670377731323,0.6777255535125732,0.04192192479968071,-0.5345802307128906,-0.7741022706031799,-0.5639474987983704,-0.39995458722114563,-0.2363262176513672,-0.487638920545578,-1.5019384622573853,-1.876351237297058,-1.5170984268188477,-0.40550029277801514,-1.065017819404602,-2.222451686859131,-2.8484444618225098,-3.208815336227417,-4.347540378570557,-6.60402250289917,-8.472143173217773,-8.795024871826172,-8.462924003601074,-8.178065299987793,-7.639275550842285,-7.216052055358887,-7.035539150238037,-6.242880344390869,-5.027989387512207,-4.296187877655029,-3.6232786178588867,-2.5205423831939697
-2.655409336090088,-5.115444660186768,-6.198385715484619,-6.339712142944336,-6.940685272216797,-7.582841396331787,-7.023942470550537,-6.174811363220215,-5.79911470413208,-2.300184488296509,-1.9873048067092896,-1.302952527999878,-4.580329418182373,-5.3572998046875,-4.932359218597412,-5.188074588775635,-5.259079933166504,-4.20499324798584,-1.5415709018707275,-1.2440123558044434,-1.3961257934570312,-3.9573121070861816,-4.884838104248047,-5.055516719818115,-4.995029926300049,-4.634129524230957,-3.631643295288086,-2.359558582305908,-0.9549041986465454,0.4257657825946808,0.8690530061721802,0.2935789227485657,-0.28510144352912903,-0.6157378554344177,-1.0069481134414673,-1.200182318687439,-0.8965526819229126,-0.09656883776187897,0.9284409284591675,1.370699405670166,0.5400028824806213,-1.5952783823013306,-4.601175785064697
0.017587071284651756,2.0065085887908936,3.4075186252593994,3.7236521244049072,3.203733444213867,2.61307954788208,3.0205280780792236,4.077227592468262,4.631745338439941,5.059524059295654,5.638315200805664,5.108935356140137,3.0956337451934814,0.5602234601974487,-0.09896628558635712,-0.4580268859863281,-0.32401761412620544,-0.010094841942191124,0.11475514620542526,0.07709358632564545,-0.3514162003993988,-1.497299313545227,-2.3146321773529053,-1.5238083600997925,-0.6778205633163452,-0.5687018036842346,-2.189293622970581,-4.026652812957764,-5.171062469482422,-5.664188861846924,-7.013647079467773,-8.828169822692871,-9.33290958404541,-8.55422306060791,-7.713735580444336,-7.250552654266357,-7.032622337341309,-6.667937755584717,-5.918116569519043,-5.141695499420166,-4.3459153175354,-3.1943962574005127,-2.091242790222168
4.036181449890137,0.13098545372486115,-2.1610026359558105,-3.1927809715270996,-4.072783470153809,-4.424704074859619,-3.690039873123169,-2.8327503204345703,-2.781214952468872,-1.4359227418899536,-1.0648133754730225,-0.981654942035675,-1.24461030960083,-2.849839210510254,-4.4859619140625,-5.2215256690979,-3.670685052871704,-0.49457836151123047,-0.1546170860528946,-0.5887404680252075,-2.667937994003296,-3.8193295001983643,-4.6114182472229,-5.043123722076416,-5.140672206878662,-4.6239142417907715,-3.524970531463623,-2.200113296508789,-0.606195867061615,0.9961798787117004,1.9376178979873657,2.4643118381500244,2.979013442993164,2.9852004051208496,2.4444010257720947,2.1178629398345947,2.370248794555664,3.341050386428833,4.71212100982666,5.033244609832764,3.676353931427002,1.7073125839233398,-0.7887805700302124
-0.8614541888237,1.5237820148468018,2.8306028842926025,3.1494598388671875,3.366351366043091,3.530358076095581,3.8845129013061523,4.531200408935547,4.844593048095703,4.857719421386719,4.956602096557617,4.509730815887451,1.4313170909881592,0.94048672914505,0.5095006823539734,0.404112309217453,0.6839396953582764,0.8692240715026855,0.6346341371536255,0.22389571368694305,-0.26057732105255127,-1.3011751174926758,-2.002746105194092,-2.2951788902282715,-1.439008116722107,-0.38219955563545227,-0.854032039642334,-3.718130111694336,-6.334183216094971,-6.836740016937256,-6.954413890838623,-7.89054536819458,-8.578582763671875,-8.265326499938965,-7.45597505569458,-6.910767078399658,-6.675522327423096,-6.030378341674805,-4.974512577056885,-4.249121189117432,-3.525158166885376,-2.4148244857788086,-1.7399466037750244
7.319338321685791,4.127538681030273,1.59475839138031,-0.11509501188993454,-1.2593179941177368,-1.8455421924591064,-2.1627697944641113,-2.2190959453582764,-2.1125359535217285,-2.335134506225586,-1.3532434701919556,-0.6812890768051147,0.22067348659038544,-0.27341485023498535,-2.6178860664367676,-3.749825954437256,-1.3618570566177368,-0.5658408999443054,-0.46378839015960693,-0.7864629030227661,-2.283315896987915,-2.1933748722076416,-2.2553789615631104,-3.1455204486846924,-3.9816458225250244,-3.492431879043579,-1.9392729997634888,-0.3753010034561157,1.0502970218658447,2.3980979919433594,3.4220669269561768,4.236035346984863,4.7741289138793945,4.752470016479492,4.690237998962402,5.011613368988037,5.32222318649292,5.93347692489624,7.208688735961914,7.669742584228516,6.406198501586914,4.8051958084106445,3.0908517837524414
