app/data/wind.json
{"header": {"parameterNumberName":"northward_wind","parameterUnit":"m.s-1","parameterNumber":3,"parameterCategory":2,"nx":96,"ny":192,"numberPoints":18432,"dx":3.75,"dy":0.9375,"la1":90.0,"lo1":0.0,"la2":-90.0,"lo2":360.0,"refTime":"2017-02-01 23:00:00"}, "data":
[rows 76 to 94 of 192, columns 43 to 85 of 96]
-1.3345201015472412,-0.9490529894828796,-1.710587978363037,-2.628432512283325,-2.525876522064209,-1.484188437461853,-1.3755923509597778,-2.243302345275879,-1.494065284729004,-1.1668097972869873,-1.223341464996338,-2.104524850845337,-2.892698287963867,-2.9537932872772217,-3.6375482082366943,-6.559451580047607,-6.915917873382568,-5.880573749542236,-5.255854606628418,-5.8197102546691895,-5.707013130187988,-4.682373046875,-3.3561177253723145,-7.673654556274414,-8.609382629394531,-7.519174098968506,-6.7038984298706055,-6.835912227630615,-6.654220104217529,-5.8694167137146,-4.903153419494629,-3.652118444442749,-2.615635395050049,-2.8330745697021484,-3.846849203109741,-4.267071723937988,-3.9889566898345947,-3.6313066482543945,-3.0788867473602295,-2.33426570892334,-2.130075693130493,-2.601283311843872,-2.995610475540161
1.1939152479171753,1.4124983549118042,0.7228595614433289,-0.35624969005584717,-0.7683362364768982,0.1703977882862091,2.498120069503784,2.948913097381592,2.2534666061401367,1.3051114082336426,0.5692077279090881,0.3875308632850647,0.0509750172495842,-1.6024378538131714,-3.920705556869507,-5.089733600616455,-5.184720516204834,-5.879027366638184,-7.361141681671143,-8.349308967590332,-8.730657577514648,-9.63449478149414,-11.222122192382812,-12.362123489379883,-11.643080711364746,-7.888235092163086,-1.7129873037338257,3.3553459644317627,4.822695255279541,5.331544876098633,7.303048133850098,8.594356536865234,7.07460880279541,4.428534507751465,2.3706395626068115,0.5321829319000244,-0.9235212802886963,-1.7402116060256958,-2.7815325260162354,-3.692814826965332,-3.5916266441345215,-4.068630695343018,-6.029282093048096
-1.5446960926055908,-1.1276147365570068,-0.9710468053817749,-1.45224130153656,-1.732013463973999,-1.478813886642456,-1.4705835580825806,-2.0121991634368896,-1.6758264303207397,-1.5231590270996094,-1.6117615699768066,-2.7486114501953125,-4.167159557342529,-3.924220085144043,-3.0550758838653564,-5.899094581604004,-6.7423858642578125,-6.043940544128418,-5.80558967590332,-6.897049427032471,-6.770260334014893,-5.135022163391113,-3.401840925216675,-7.277233123779297,-8.108797073364258,-7.1666483879089355,-6.506130695343018,-6.417189598083496,-5.790154933929443,-4.820312023162842,-4.209277153015137,-3.7436881065368652,-3.5030722618103027,-4.161358833312988,-5.255305767059326,-5.400217533111572,-4.3588786125183105,-3.1714401245117188,-2.5400164127349854,-2.4348385334014893,-2.623037099838257,-2.7162654399871826,-2.5246012210845947
3.1631295680999756,3.8180277347564697,1.5157591104507446,0.7882775664329529,0.22823289036750793,-0.03754230961203575,-0.16501237452030182,0.37875455617904663,1.0019077062606812,0.49325668811798096,-0.06747179478406906,0.38844114542007446,0.3936375677585602,-1.354306697845459,-3.538102865219116,-4.822844505310059,-5.936694622039795,-7.491736888885498,-8.532512664794922,-8.505695343017578,-8.495415687561035,-9.471390724182129,-10.664536476135254,-10.553876876831055,-8.43624210357666,-4.468908309936523,0.5550125241279602,4.335103988647461,5.575070381164551,5.89330530166626,6.9835405349731445,7.43583869934082,5.693902492523193,3.2445476055145264,1.5930551290512085,0.06514319032430649,-1.6157342195510864,-2.7682604789733887,-3.4407684803009033,-3.7582387924194336,-3.762589931488037,-4.41826868057251,-5.678792953491211
-1.9176132678985596,-2.13061261177063,-2.253917694091797,-2.5663819313049316,-2.645153760910034,-2.310598134994507,-1.9526106119155884,-2.1112117767333984,-2.77565336227417,-3.2379150390625,-2.2490146160125732,-2.9924182891845703,-3.7636537551879883,-2.761648654937744,-1.9424917697906494,-3.1044583320617676,-6.876458644866943,-7.147367477416992,-6.567754745483398,-6.1530866622924805,-4.987732887268066,-3.808245897293091,-4.603947162628174,-6.2939934730529785,-6.559718608856201,-5.831151008605957,-5.446608543395996,-5.10776424407959,-4.437902450561523,-4.0973944664001465,-4.3751325607299805,-4.743102550506592,-4.961401462554932,-5.213486671447754,-5.3559088706970215,-4.894311428070068,-3.793412208557129,-2.7261903285980225,-2.3305881023406982,-2.6218528747558594,-3.044593572616577,-2.9919443130493164,-2.5635011196136475
2.0418472290039062,2.629652976989746,2.394669532775879,2.082991600036621,0.5806658267974854,-0.3102767765522003,-1.0184364318847656,-1.0844886302947998,-0.8245324492454529,-1.582613229751587,-1.3780399560928345,-0.49873486161231995,-0.521213710308075,-1.6065404415130615,-2.7335143089294434,-4.176885604858398,-6.307618618011475,-7.913930892944336,-8.261618614196777,-8.394445419311523,-9.118317604064941,-9.830035209655762,-9.696941375732422,-8.322248458862305,-5.75221061706543,-2.6268858909606934,0.25317949056625366,2.3905248641967773,3.731149911880493,4.834051609039307,6.036105632781982,6.201990127563477,4.536142349243164,2.4747607707977295,1.2787712812423706,0.1168370321393013,-1.4513704776763916,-2.5546510219573975,-3.1332223415374756,-3.7413151264190674,-4.240076541900635,-4.558317184448242,-4.868457317352295
-3.816455841064453,-3.3357551097869873,-2.9239494800567627,-2.911094903945923,-2.816453456878662,-2.3949248790740967,-1.6484427452087402,-1.223665475845337,-1.872632384300232,-3.0086772441864014,-2.4131619930267334,-3.053293466567993,-3.219195604324341,-2.6425247192382812,-2.119428873062134,-3.512542963027954,-8.453839302062988,-8.646642684936523,-6.296020030975342,-3.2960851192474365,-1.4607527256011963,-2.0894052982330322,-4.229735851287842,-5.228530406951904,-4.765227317810059,-4.503034591674805,-4.328616619110107,-3.365200996398926,-2.620711088180542,-3.1583449840545654,-4.274918556213379,-5.07556676864624,-5.434171199798584,-5.316214084625244,-4.742700099945068,-3.967775821685791,-3.253539800643921,-2.8370723724365234,-2.9207537174224854,-3.367870569229126,-3.702853202819824,-3.5853891372680664,-3.2099196910858154
0.8303051590919495,0.3757350444793701,-0.19978241622447968,-0.05912119522690773,-0.28219377994537354,-1.2528584003448486,-1.455283284187317,-0.5632287859916687,-1.1034326553344727,-2.7678744792938232,-2.2411139011383057,-1.6483923196792603,-2.2320384979248047,-2.7387335300445557,-2.8594062328338623,-4.059144973754883,-5.84919548034668,-6.315240383148193,-6.214271068572998,-7.577353477478027,-9.535799980163574,-9.846593856811523,-8.52941608428955,-6.756133079528809,-4.6064653396606445,-2.04215407371521,0.21194638311862946,1.8213117122650146,2.984955072402954,3.8478291034698486,4.4830708503723145,4.475301742553711,3.408518075942993,1.973132848739624,0.9732503890991211,-0.015084696933627129,-1.2171823978424072,-2.0131514072418213,-2.551726818084717,-3.3104774951934814,-3.785479784011841,-3.690302610397339,-3.6466705799102783
-5.158515453338623,-3.620537281036377,-2.52848744392395,-2.3066985607147217,-2.2721641063690186,-1.9642452001571655,-1.0952123403549194,-0.252835214138031,-0.6115235090255737,-2.0608627796173096,-2.260610818862915,-5.197710990905762,-5.7056193351745605,-3.498816967010498,-3.3137319087982178,-7.217055320739746,-9.8212308883667,-9.186711311340332,-5.243153095245361,-0.9564518928527832,0.436175137758255,-1.540627360343933,-3.8155651092529297,-3.972271203994751,-3.6274702548980713,-4.271872043609619,-3.979978084564209,-2.0129215717315674,-0.9016550779342651,-1.7379072904586792,-2.9113738536834717,-3.559993267059326,-4.0255866050720215,-4.225560665130615,-3.9903547763824463,-3.594604730606079,-3.3424324989318848,-3.445443630218506,-3.925433397293091,-4.2558794021606445,-3.8512961864471436,-2.9777958393096924,-2.518803358078003
-0.032710231840610504,-1.507851243019104,-2.361231803894043,-2.0444352626800537,-2.0901525020599365,-2.2164087295532227,-1.0500001907348633,-0.3749852478504181,-0.8401646018028259,-2.585029125213623,-1.3573318719863892,-0.9757021069526672,-2.351618766784668,-3.0575828552246094,-1.3474621772766113,-2.225022077560425,-2.494777202606201,-2.6045548915863037,-3.0729081630706787,-4.37026309967041,-8.59842586517334,-8.707023620605469,-7.415231704711914,-6.035597324371338,-4.364899635314941,-1.8706369400024414,0.8383331298828125,2.962308883666992,4.309026718139648,4.79443883895874,4.6427083015441895,4.235328674316406,3.479121685028076,2.3380229473114014,1.182725191116333,0.08358033001422882,-0.9304543733596802,-1.6096895933151245,-2.1324777603149414,-2.6335270404815674,-2.7253262996673584,-2.5140185356140137,-2.480574607849121
-2.1085402965545654,-2.296773910522461,-2.4009130001068115,-2.91355037689209,-2.999626874923706,-2.7083547115325928,-2.207141876220703,-1.7203340530395508,-1.6578705310821533,-2.1272988319396973,-1.8861819505691528,-3.2178287506103516,-5.778403282165527,-5.424513339996338,-5.79500150680542,-8.218221664428711,-10.146352767944336,-8.557796478271484,-4.115148067474365,-0.26349151134490967,0.4465814232826233,-1.205755591392517,-2.3788814544677734,-2.311864137649536,-2.9264562129974365,-4.130192756652832,-3.461437463760376,-1.2601654529571533,-0.3850497603416443,-0.9917444586753845,-1.2738234996795654,-1.2326310873031616,-1.676558017730713,-2.3381526470184326,-2.855875253677368,-3.3180689811706543,-3.736016273498535,-4.219568252563477,-4.847530364990234,-4.922684192657471,-3.52177357673645,-1.2492408752441406,-0.21370775997638702
-0.7086542844772339,-2.194352388381958,-2.5878100395202637,-2.0328471660614014,-2.5824785232543945,-3.2577521800994873,-2.2919857501983643,-1.9317270517349243,-3.1308999061584473,-2.341531276702881,0.40916475653648376,0.7530534863471985,-0.4236615002155304,-0.9326598644256592,-1.0792003870010376,-1.0997161865234375,-1.830284595489502,-2.2887067794799805,-3.170525550842285,-4.212130069732666,-4.312735080718994,-4.443446636199951,-6.932196617126465,-6.051567554473877,-3.9892666339874268,-0.9294508099555969,2.0748915672302246,4.001417636871338,5.108366012573242,5.526387691497803,5.143254280090332,4.325864791870117,3.4672093391418457,2.534416913986206,1.5075429677963257,0.4711992144584656,-0.4852123558521271,-1.3125672340393066,-2.0555107593536377,-2.5288562774658203,-2.5236318111419678,-2.3422560691833496,-2.0909101963043213
1.4652265310287476,0.7330842614173889,-1.211421251296997,-2.699613571166992,-3.122624158859253,-3.2753512859344482,-3.7624661922454834,-4.203949451446533,-3.8992624282836914,-3.0385842323303223,-1.6080790758132935,-2.3921425342559814,-5.47707986831665,-6.322384834289551,-7.389554023742676,-8.966744422912598,-9.182021141052246,-6.503069877624512,-2.339773654937744,0.1910700649023056,0.5049237012863159,-0.34626880288124084,-0.7103504538536072,-1.0315415859222412,-2.077784299850464,-2.6898257732391357,-1.7380642890930176,-0.6958863139152527,-1.0941565036773682,-1.6383211612701416,-1.1465517282485962,-0.745547890663147,-1.220550775527954,-1.8787815570831299,-2.4711222648620605,-3.2928199768066406,-4.095607757568359,-4.62394380569458,-5.159946918487549,-5.411417484283447,-4.0002641677856445,-0.7572627663612366,1.518175482749939
0.6610767841339111,-0.5118120908737183,-0.7972694635391235,-0.7280791401863098,-1.9903353452682495,-3.2461984157562256,-3.186803102493286,-3.6937763690948486,-4.302658557891846,-1.7090790271759033,2.3949811458587646,2.950547695159912,0.3105613887310028,-0.42069917917251587,-0.5753665566444397,-0.9712009429931641,-1.2951326370239258,-1.5878533124923706,-2.152509927749634,-2.4747402667999268,-2.1666176319122314,-2.788686513900757,-3.5702083110809326,-5.456949234008789,-2.7890241146087646,1.3949880599975586,4.483578681945801,5.181471347808838,4.7770867347717285,4.552967548370361,4.056529998779297,3.015218734741211,2.0932672023773193,1.5345215797424316,0.9586827158927917,0.19264407455921173,-0.619125485420227,-1.433194875717163,-2.266430377960205,-2.847853183746338,-2.954669952392578,-2.7169041633605957,-2.1064112186431885
4.106845855712891,2.8921685218811035,0.9379124641418457,-0.31216731667518616,-0.9311550259590149,-1.7968250513076782,-3.2422304153442383,-4.4203925132751465,-4.288764953613281,-1.7731695175170898,-2.7903831005096436,-1.9907844066619873,-5.326080799102783,-7.554352283477783,-8.941995620727539,-8.49574089050293,-6.275527000427246,-3.013108253479004,-0.03317563980817795,0.5014122724533081,0.12405458837747574,-0.4481697678565979,-0.6048789620399475,-0.9473733901977539,-1.384644865989685,-1.0699390172958374,-0.34531405568122864,-0.6155231595039368,-1.8732376098632812,-2.490628719329834,-2.180656909942627,-2.2588765621185303,-2.977503776550293,-3.4726192951202393,-3.759030818939209,-4.32643461227417,-4.743307113647461,-4.556526184082031,-4.5380072593688965,-5.222266674041748,-4.967771530151367,-2.106123924255371,1.3837566375732422
3.6093528270721436,2.785151481628418,1.9642235040664673,0.7522494196891785,-1.0463389158248901,-2.0553224086761475,-2.284937858581543,-3.1546449661254883,-2.8760130405426025,0.6870938539505005,3.72611403465271,2.4535796642303467,-0.36777764558792114,-0.5983659029006958,-0.39025044441223145,-0.6343372464179993,-0.6139816641807556,-0.5939503312110901,-1.0265625715255737,-0.9780118465423584,-0.569023072719574,-0.6283291578292847,-1.268319010734558,-1.443421721458435,-0.38721248507499695,1.80113685131073,6.232091903686523,5.959403991699219,4.419085502624512,3.715027093887329,3.25856351852417,2.273484468460083,1.358952283859253,0.8664512634277344,0.39648425579071045,-0.20048442482948303,-0.7058358192443848,-1.110920786857605,-1.530840516090393,-1.8364399671554565,-1.9060872793197632,-1.7305113077163696,-1.1373778581619263
2.944568395614624,1.7497668266296387,0.5859547257423401,0.3244566321372986,0.6839074492454529,0.74481201171875,-0.3673073351383209,-1.9912543296813965,-2.66473388671875,-1.324354887008667,-1.232180118560791,-1.706527829170227,-3.1206605434417725,-7.70501708984375,-9.10086441040039,-6.662684440612793,-2.7703239917755127,-0.012796315364539623,0.4431305527687073,0.14870908856391907,-1.132948398590088,-1.7507001161575317,-1.5234978199005127,-1.3683586120605469,-1.2463538646697998,-0.9602084755897522,-0.9968212246894836,-1.5691527128219604,-2.245048999786377,-2.6265153884887695,-2.8983495235443115,-3.476736068725586,-4.2123026847839355,-4.690210342407227,-5.152061462402344,-5.782141208648682,-5.80980920791626,-4.822460651397705,-4.054015159606934,-4.617685794830322,-5.179399490356445,-3.617465019226074,-0.4630725085735321
4.606736660003662,4.452330112457275,3.8435282707214355,2.1886799335479736,0.4942115247249603,0.10380049049854279,0.07426080852746964,-0.43551039695739746,0.6909103989601135,3.8652875423431396,4.7632222175598145,1.5021069049835205,-0.7485272884368896,-0.7356653809547424,-0.2646532952785492,-0.3530274033546448,-0.41658899188041687,-0.22803325951099396,-0.2495466023683548,-0.2666403353214264,0.06384839862585068,0.7406079769134521,0.7456486225128174,0.23938290774822235,0.374502032995224,1.5941389799118042,4.582650184631348,4.161011695861816,3.3037192821502686,3.283662796020508,3.338454484939575,2.911651134490967,2.33121395111084,1.7210311889648438,1.09955894947052,0.7252452373504639,0.7280250787734985,0.9007588624954224,1.0388184785842896,1.1858409643173218,1.2910126447677612,1.2127606868743896,1.298399567604065
1.6130415201187134,0.15859901905059814,-1.7597500085830688,-2.34740948677063,-0.3089132308959961,2.827361822128296,3.462580680847168,1.2087019681930542,-1.0792934894561768,-1.9861828088760376,-1.0795187950134277,-0.934413492679596,-1.9973129034042358,-6.887852191925049,-8.163932800292969,-5.020927906036377,-0.6019465923309326,0.48460865020751953,0.4273757040500641,-0.28791260719299316,-1.9530500173568726,-2.1284079551696777,-1.624903678894043,-1.5700873136520386,-1.6380701065063477,-1.764335036277771,-2.3036534786224365,-2.560452699661255,-2.2432563304901123,-2.2481021881103516,-2.9072582721710205,-3.703441858291626,-4.266226768493652,-4.619604110717773,-5.189590930938721,-6.012094974517822,-6.180300712585449,-5.362930774688721,-4.679746150970459,-4.8623785972595215,-5.202277183532715,-4.85850191116333,-3.6688742637634277
